scaffold_1	1087316	12	60	61
scaffold_2	1048610	1105462	60	61
scaffold_3	1045751	2171561	60	61
scaffold_4	1034232	3234754	60	61
scaffold_5	1021499	4286236	60	61
scaffold_6	1008552	5324772	60	61
scaffold_7	962643	6350146	60	61
scaffold_8	956989	7328846	60	61
scaffold_9	947474	8301797	60	61
scaffold_10	934921	9265076	60	61
scaffold_11	886118	10215593	60	61
scaffold_12	850182	11116493	60	61
scaffold_13	827694	11980858	60	61
scaffold_14	827041	12822360	60	61
scaffold_15	819560	13663199	60	61
scaffold_16	816764	14496432	60	61
scaffold_17	786118	15326822	60	61
scaffold_18	774406	16126055	60	61
scaffold_19	766813	16913381	60	61
scaffold_20	760496	17692988	60	61
